10842
7979
24354
34140
2587
44416
41155
20500
23943
20037
22139
46618
49168
42500
41131
14927
46901
23123
21553
29047
26778
40225
15775
21626
49105
45467
9110
19851
12997
33431
47493
31985
32600
33450
27091
35220
12124
43994
26559
33215
13805
34544
24076
47728
29359
25655
35217
39992
30654
23508
2443
38270
38748
36335
32594
546
46797
34994
43196
1459
25916
12551
33010
32205
34984
28570
33179
46190
41253
8624
37825
22512
269
35427
17565
11959
30900
12451
25209
38265
33804
12022
45712
19662
16624
32036
29395
37975
31855
4359
43353
36207
34175
31985
47909
1928
47772
1304
19821
489
11198
11281
38523
45523
16904
48007
11663
6577
19935
31048
19674
25071
39711
8106
25692
34939
22633
25329
8440
6411
9060
7560
33636
5803
34900
45061
44010
28470
40729
22811
23024
45797
30083
33821
24087
23768
41334
26247
41519
19473
23882
13996
14715
15032
2064
29684
10189
34953
23638
25330
43841
30005
39250
38966
33411
36247
36710
34568
10767
993
18157
17908
8835
26695
768
4625
19335
15978
47667
5065
21882
48858
2514
25963
25657
6666
39624
8853
49178
584
27132
14190
13187
32819
22631
13072
29797
52
26869
35332
26455
49702
17812
19357
44864
49425
26171
5228
15206
15232
19631
11157
7021
12946
43722
49429
3601
42826
40353
45082
49364
49708
23744
47180
20635
40554
47659
9423
46287
47471
19668
3780
5061
14945
30636
11763
1263
8584
30136
26847
36717
13531
21214
13343
6831
21897
9718
25734
20355
11561
35232
21022
30907
42765
49203
12523
33336
48190
29306
1899
30886
33822
9404
45981
20908
14023
34907
37440
41200
46917
26285
41869
22354
30446
8666
23723
31045
17755
31520
36614
1700
11068
27119
24599
37219
10229
14627
9651
19434
42278
41036
983
9951
45062
235
40874
36772
40333
42199
8590
40523
35264
47000
14355
13202
25926
38313
10016
45704
44575
40114
40034
12980
46441
12155
16219
41059
33738
43201
5542
48903
4496
5437
45475
25390
9485
44768
23968
49508
30434
36577
29390
27644
12556
2653
2179
18996
45301
19851
37918
32501
31280
17487
7284
45375
40545
25421
13169
35496
9206
11146
11318
36595
21623
22802
30311
23205
17483
33099
25594
40762
20504
18744
17457
44507
25413
6111
48003
34948
26722
9344
30961
33824
25281
21212
21355
34698
33175
9235
36982
40612
10532
3741
30315
44019
11295
621
23411
37372
18163
20610
35714
21924
44317
8568
23790
10450
2421
12925
2108
45083
23004
1918
35784
42743
27774
37317
42124
13283
42783
4271
2322
49978
8482
25265
27284
44729
41673
10907
22029
24471
30190
20440
44813
25673
39774
24838
44486
45414
19025
15127
7032
8769
6593
48307
28820
2818
13331
38325
39921
22610
31455
31542
29176
35757
24201
40621
26858
5023
11335
4679
17261
45675
30869
8925
1210
15840
40514
22145
34576
5577
8662
27745
3491
31683
38024
39974
34392
3036
22613
44701
47720
38296
7826
1535
3233
30170
5924
38835
25607
26912
46159
49467
9883
16451
2874
22760
30321
45747
26972
29946
13906
27650
26680
120
32619
29618
30961
34587
