59896
94055
90719
99000
90553
77391
84124
96706
67057
95676
82810
60895
58575
77533
88773
52184
89793
54028
63016
85784
89432
51251
68668
99997
73571
77848
98054
79043
58432
59736
92936
73920
61807
82611
64553
86217
79631
68006
96715
70918
80957
66344
91937
51004
70485
92656
99934
53077
97535
54970
98237
52339
81113
53898
73216
74651
52445
97932
78594
78254
96484
76588
81628
56202
90461
92338
73566
81769
74677
83324
62060
98742
95686
50591
50372
51355
97944
63833
90280
91417
95520
59813
87849
92876
94243
61561
52266
55600
71420
93314
60858
58292
76490
98387
57044
52374
67041
95237
84214
98533
71147
63099
57276
64792
66646
92708
95631
70177
79754
54648
74947
50635
64332
77533
86285
61255
67801
80749
80645
92622
75991
75210
72235
64166
75484
86281
78696
52324
50397
76476
74117
76550
69702
60913
65591
81715
56499
53743
52182
95812
94344
80549
54398
88507
72195
70656
83400
95762
85424
99614
55206
66104
51115
60370
62946
94376
62536
51273
74031
70979
56995
54600
61031
71770
89619
97066
55081
99780
54725
54134
85373
80435
66762
67917
69719
97865
72873
67588
78946
65040
87557
86445
95607
70300
98664
64805
81134
77016
92739
76637
91073
79685
88679
70135
66769
55302
80930
97154
89562
73437
65057
56447
96945
64781
61946
55147
72270
76489
53247
67377
68880
56566
72691
96203
80402
53279
80593
72116
63086
87988
95288
58816
56294
57187
98147
64780
80754
82866
62206
78280
93704
86256
66990
58165
77593
81487
87176
99614
54271
50332
69506
93948
99720
77178
89376
85969
81291
89593
90566
77140
74424
83765
72120
62705
73071
79324
55674
67958
91636
96042
97156
89260
57793
57793
86471
80371
53644
92588
69541
86037
98911
63022
76118
74385
98572
63641
89632
80872
51015
90684
90141
71963
58403
95454
85427
70405
56664
52736
74809
64964
69851
50229
68375
81202
56489
54113
96799
53573
54214
80590
65393
64219
61320
56469
69259
96471
53909
87534
95641
70313
53398
56612
59761
88604
59453
94040
60203
68905
98423
71789
57288
82864
80474
91971
63488
92021
52389
71175
72507
87522
97285
83218
92201
71763
55779
71690
82750
54777
58350
84926
67020
64137
65071
98190
52292
64331
65313
60382
79851
63344
90585
88515
86317
64927
76759
56977
59801
90083
92788
79859
90853
98459
87092
58315
84631
84433
74274
63927
83515
69520
83417
55894
53737
79545
89135
69180
73633
75459
84071
66704
53010
81747
82545
91753
61294
98831
60748
92312
59903
75043
57730
78718
74767
82323
76927
66311
56957
60934
51890
73836
76003
60904
57663
53520
94619
57960
52279
96561
85634
81854
93408
61716
56471
97576
80918
97339
96045
86222
51053
56247
61527
87950
64025
53337
80448
70277
77278
96883
84447
73800
62168
51919
95207
84464
90243
69562
97454
75862
50569
58722
88316
55245
51395
58339
59891
67253
93228
88947
50040
85871
83025
55079
52281
97771
98865
61665
96761
78470
97565
64941
90412
81700
70764
98654
87359
89156
84990
95989
78876
91424
70244
82689
98653
53928
97879
71851
81424
77191
78486
67028
54546
58901
83471
61010
87382
51321
94633
54984
91698
85903
79896
99902
91504
53168
71047
78768
88049
99154
88272
81100
63843
85707
50635
96750
57385
71972
75681
62246
77626
58747
66381
