59896
94055
90719
99000
10842
7979
90553
77391
24354
84124
34140
96706
2587
44416
67057
95676
82810
60895
58575
41155
20500
77533
23943
20037
22139
46618
49168
42500
41131
14927
88773
52184
89793
54028
63016
46901
85784
89432
23123
21553
29047
51251
68668
99997
26778
40225
73571
77848
15775
98054
79043
21626
49105
58432
59736
45467
92936
73920
9110
61807
19851
12997
82611
64553
33431
47493
31985
86217
79631
68006
32600
33450
96715
70918
27091
35220
80957
12124
43994
26559
33215
66344
91937
13805
51004
34544
70485
92656
99934
53077
24076
47728
29359
25655
35217
97535
39992
54970
30654
23508
2443
98237
52339
38270
38748
36335
32594
81113
546
53898
46797
34994
73216
43196
74651
52445
97932
78594
1459
25916
78254
96484
76588
81628
56202
12551
90461
92338
33010
73566
32205
34984
28570
33179
46190
41253
81769
74677
83324
62060
98742
95686
50591
8624
37825
22512
50372
269
51355
97944
63833
35427
17565
11959
30900
12451
90280
25209
38265
33804
12022
91417
45712
95520
59813
19662
87849
92876
94243
16624
32036
61561
29395
37975
31855
4359
52266
55600
71420
93314
60858
43353
36207
58292
76490
98387
34175
31985
47909
57044
1928
47772
1304
19821
52374
67041
95237
84214
489
98533
71147
63099
11198
11281
38523
57276
64792
45523
66646
16904
92708
48007
11663
6577
19935
95631
31048
19674
70177
79754
54648
74947
25071
39711
8106
50635
64332
77533
25692
34939
86285
22633
61255
25329
67801
80749
8440
80645
6411
9060
92622
7560
75991
33636
5803
34900
45061
75210
72235
44010
28470
40729
22811
64166
75484
23024
86281
78696
52324
50397
45797
30083
76476
33821
24087
23768
41334
74117
76550
69702
60913
26247
65591
81715
56499
53743
41519
52182
95812
19473
23882
94344
13996
80549
54398
14715
88507
15032
72195
2064
29684
10189
34953
23638
25330
43841
30005
70656
83400
95762
39250
38966
33411
85424
36247
99614
36710
55206
66104
51115
60370
34568
62946
10767
993
18157
17908
8835
26695
94376
768
4625
19335
62536
51273
74031
70979
56995
15978
54600
47667
61031
71770
5065
21882
89619
48858
2514
25963
97066
25657
6666
55081
39624
8853
99780
49178
54725
584
27132
14190
13187
32819
54134
85373
22631
80435
66762
67917
13072
29797
52
26869
35332
69719
97865
72873
26455
67588
49702
78946
65040
87557
86445
95607
70300
17812
98664
64805
19357
81134
44864
49425
77016
26171
5228
15206
92739
76637
15232
91073
79685
88679
70135
66769
19631
11157
7021
12946
55302
80930
97154
89562
73437
43722
49429
65057
56447
96945
3601
42826
40353
64781
61946
55147
72270
76489
53247
67377
45082
49364
49708
68880
56566
23744
47180
72691
96203
20635
80402
40554
47659
53279
9423
80593
46287
72116
63086
87988
47471
95288
19668
58816
3780
5061
56294
57187
14945
98147
64780
80754
82866
62206
78280
30636
11763
1263
93704
8584
86256
30136
26847
36717
66990
13531
21214
58165
77593
13343
81487
6831
21897
87176
9718
25734
99614
54271
50332
20355
69506
93948
99720
77178
89376
85969
11561
81291
89593
35232
90566
77140
21022
74424
30907
42765
49203
83765
12523
72120
33336
48190
29306
1899
62705
30886
73071
33822
9404
45981
79324
20908
14023
55674
34907
37440
41200
46917
26285
41869
22354
30446
8666
67958
23723
91636
96042
31045
17755
97156
89260
31520
36614
1700
57793
57793
11068
27119
86471
80371
24599
53644
37219
10229
14627
92588
69541
86037
98911
63022
9651
19434
76118
74385
98572
63641
89632
80872
42278
51015
90684
90141
41036
983
9951
71963
58403
95454
45062
85427
70405
56664
235
40874
52736
36772
74809
40333
64964
69851
42199
8590
40523
50229
35264
68375
47000
81202
14355
13202
25926
38313
56489
10016
45704
44575
40114
40034
12980
54113
46441
96799
53573
12155
54214
80590
16219
65393
41059
33738
43201
64219
61320
56469
5542
48903
69259
96471
53909
4496
87534
95641
5437
70313
45475
53398
56612
25390
9485
44768
59761
88604
59453
23968
94040
49508
30434
36577
60203
68905
98423
71789
57288
82864
29390
80474
27644
12556
91971
63488
2653
92021
2179
18996
52389
71175
45301
72507
87522
97285
19851
37918
83218
32501
31280
17487
92201
7284
45375
71763
40545
55779
25421
71690
13169
35496
82750
54777
58350
9206
11146
11318
84926
67020
64137
65071
36595
98190
52292
64331
21623
22802
30311
23205
65313
17483
60382
79851
63344
90585
33099
25594
88515
86317
40762
20504
64927
18744
17457
76759
56977
44507
59801
25413
6111
48003
90083
92788
34948
26722
9344
79859
90853
98459
87092
30961
33824
58315
84631
84433
74274
25281
21212
63927
83515
69520
83417
55894
21355
53737
34698
33175
79545
9235
36982
40612
89135
10532
3741
69180
30315
73633
44019
11295
75459
621
23411
84071
66704
53010
81747
82545
91753
37372
61294
98831
18163
20610
60748
35714
21924
92312
59903
44317
75043
8568
23790
10450
57730
78718
2421
74767
82323
76927
66311
56957
60934
51890
73836
76003
12925
60904
57663
2108
53520
45083
94619
23004
57960
1918
52279
96561
85634
81854
35784
93408
61716
42743
27774
37317
42124
13283
42783
4271
2322
49978
56471
8482
25265
97576
80918
97339
27284
96045
86222
51053
56247
61527
87950
64025
44729
41673
10907
53337
80448
70277
77278
22029
24471
96883
30190
20440
44813
25673
39774
24838
84447
44486
45414
73800
62168
51919
95207
19025
15127
84464
90243
69562
7032
8769
6593
97454
75862
48307
50569
58722
28820
88316
2818
55245
13331
51395
38325
39921
58339
59891
22610
67253
31455
93228
31542
29176
88947
35757
24201
40621
26858
50040
85871
5023
83025
55079
11335
4679
52281
17261
45675
30869
97771
98865
61665
8925
96761
1210
15840
78470
40514
97565
64941
90412
81700
70764
22145
98654
34576
5577
8662
27745
87359
89156
3491
84990
31683
95989
78876
91424
38024
70244
39974
34392
3036
82689
98653
22613
53928
97879
44701
71851
47720
38296
81424
7826
1535
3233
30170
77191
78486
67028
54546
58901
83471
61010
5924
87382
51321
94633
54984
38835
91698
85903
79896
25607
26912
46159
49467
99902
91504
53168
71047
78768
9883
88049
99154
88272
16451
81100
63843
85707
2874
22760
50635
30321
45747
26972
29946
96750
13906
27650
57385
26680
71972
120
32619
29618
75681
62246
77626
58747
30961
34587
66381
